
DETfluxspect = [
    1    1    1    1     1     1     1    1    1    1  0.00000E+00 0.00000 
    2    2    1    1     1     1     1    1    1    1  4.19013E+04 0.46452 
    3    3    1    1     1     1     1    1    1    1  0.00000E+00 0.00000 
    4    4    1    1     1     1     1    1    1    1  0.00000E+00 0.00000 
    5    5    1    1     1     1     1    1    1    1  0.00000E+00 0.00000 
    6    6    1    1     1     1     1    1    1    1  1.68429E+03 1.00000 
    7    7    1    1     1     1     1    1    1    1  0.00000E+00 0.00000 
    8    8    1    1     1     1     1    1    1    1  1.81420E+03 1.00000 
    9    9    1    1     1     1     1    1    1    1  3.79006E+03 0.70593 
   10   10    1    1     1     1     1    1    1    1  1.94198E+03 1.00000 
   11   11    1    1     1     1     1    1    1    1  3.86208E+03 0.70592 
   12   12    1    1     1     1     1    1    1    1  0.00000E+00 0.00000 
   13   13    1    1     1     1     1    1    1    1  4.09300E+03 0.70598 
   14   14    1    1     1     1     1    1    1    1  4.08657E+03 0.70593 
   15   15    1    1     1     1     1    1    1    1  2.08723E+03 1.00000 
   16   16    1    1     1     1     1    1    1    1  4.37421E+03 0.70597 
   17   17    1    1     1     1     1    1    1    1  4.49035E+03 0.70593 
   18   18    1    1     1     1     1    1    1    1  2.26089E+03 1.00000 
   19   19    1    1     1     1     1    1    1    1  1.59394E+04 0.73694 
   20   20    1    1     1     1     1    1    1    1  2.37854E+03 1.00000 
   21   21    1    1     1     1     1    1    1    1  2.53661E+03 1.00000 
   22   22    1    1     1     1     1    1    1    1  2.52015E+03 1.00000 
   23   23    1    1     1     1     1    1    1    1  0.00000E+00 0.00000 
   24   24    1    1     1     1     1    1    1    1  2.56585E+04 0.54115 
   25   25    1    1     1     1     1    1    1    1  1.05606E+04 0.49753 
   26   26    1    1     1     1     1    1    1    1  1.08926E+04 0.49754 
   27   27    1    1     1     1     1    1    1    1  1.10850E+04 0.49752 
   28   28    1    1     1     1     1    1    1    1  1.44108E+04 0.44428 
   29   29    1    1     1     1     1    1    1    1  4.10542E+04 0.41381 
   30   30    1    1     1     1     1    1    1    1  1.49570E+04 0.44422 
   31   31    1    1     1     1     1    1    1    1  1.54753E+04 0.44423 
   32   32    1    1     1     1     1    1    1    1  1.89996E+04 0.40485 
   33   33    1    1     1     1     1    1    1    1  1.91721E+04 0.46916 
   34   34    1    1     1     1     1    1    1    1  2.92322E+04 0.59150 
   35   35    1    1     1     1     1    1    1    1  2.66327E+04 0.66069 
   36   36    1    1     1     1     1    1    1    1  3.41759E+04 0.56409 
   37   37    1    1     1     1     1    1    1    1  5.85302E+04 0.43608 
   38   38    1    1     1     1     1    1    1    1  1.42930E+04 0.49749 
   39   39    1    1     1     1     1    1    1    1  2.94425E+04 0.34944 
   40   40    1    1     1     1     1    1    1    1  1.90293E+04 0.44423 
   41   41    1    1     1     1     1    1    1    1  3.07744E+04 0.34940 
   42   42    1    1     1     1     1    1    1    1  3.93071E+04 0.31147 
   43   43    1    1     1     1     1    1    1    1  6.85974E+04 0.23598 
   44   44    1    1     1     1     1    1    1    1  1.07387E+05 0.48078 
   45   45    1    1     1     1     1    1    1    1  7.54932E+04 0.33290 
   46   46    1    1     1     1     1    1    1    1  8.19619E+04 0.32312 
   47   47    1    1     1     1     1    1    1    1  7.92460E+04 0.33640 
   48   48    1    1     1     1     1    1    1    1  5.92948E+04 0.27175 
   49   49    1    1     1     1     1    1    1    1  1.78884E+05 0.30633 
   50   50    1    1     1     1     1    1    1    1  1.98415E+05 0.34720 
   51   51    1    1     1     1     1    1    1    1  8.20895E+04 0.35139 
   52   52    1    1     1     1     1    1    1    1  1.29859E+05 0.21012 
   53   53    1    1     1     1     1    1    1    1  1.06987E+05 0.22085 
   54   54    1    1     1     1     1    1    1    1  2.23407E+05 0.18693 
   55   55    1    1     1     1     1    1    1    1  1.64110E+05 0.20849 
   56   56    1    1     1     1     1    1    1    1  2.40218E+05 0.31388 
   57   57    1    1     1     1     1    1    1    1  1.51375E+05 0.19861 
   58   58    1    1     1     1     1    1    1    1  1.59954E+05 0.18691 
   59   59    1    1     1     1     1    1    1    1  3.14242E+05 0.16195 
   60   60    1    1     1     1     1    1    1    1  2.85251E+05 0.16965 
   61   61    1    1     1     1     1    1    1    1  2.43678E+05 0.15975 
   62   62    1    1     1     1     1    1    1    1  3.72908E+05 0.23025 
   63   63    1    1     1     1     1    1    1    1  2.87356E+05 0.20820 
   64   64    1    1     1     1     1    1    1    1  3.34259E+05 0.13072 
   65   65    1    1     1     1     1    1    1    1  3.80495E+05 0.19631 
   66   66    1    1     1     1     1    1    1    1  4.25563E+05 0.17536 
   67   67    1    1     1     1     1    1    1    1  5.98386E+05 0.15569 
   68   68    1    1     1     1     1    1    1    1  6.68866E+05 0.19668 
   69   69    1    1     1     1     1    1    1    1  6.04743E+05 0.14360 
   70   70    1    1     1     1     1    1    1    1  5.93317E+05 0.16970 
   71   71    1    1     1     1     1    1    1    1  6.20990E+05 0.12958 
   72   72    1    1     1     1     1    1    1    1  1.16490E+06 0.17343 
   73   73    1    1     1     1     1    1    1    1  8.94054E+05 0.13024 
   74   74    1    1     1     1     1    1    1    1  1.02777E+06 0.13211 
   75   75    1    1     1     1     1    1    1    1  8.77420E+05 0.12151 
   76   76    1    1     1     1     1    1    1    1  1.21109E+06 0.13944 
   77   77    1    1     1     1     1    1    1    1  1.32331E+06 0.11192 
   78   78    1    1     1     1     1    1    1    1  1.14875E+06 0.11338 
   79   79    1    1     1     1     1    1    1    1  1.41335E+06 0.10396 
   80   80    1    1     1     1     1    1    1    1  1.70356E+06 0.11333 
   81   81    1    1     1     1     1    1    1    1  2.11223E+06 0.09707 
   82   82    1    1     1     1     1    1    1    1  2.01034E+06 0.09735 
   83   83    1    1     1     1     1    1    1    1  2.20773E+06 0.09661 
   84   84    1    1     1     1     1    1    1    1  2.65863E+06 0.09333 
   85   85    1    1     1     1     1    1    1    1  2.20386E+06 0.08707 
   86   86    1    1     1     1     1    1    1    1  2.85491E+06 0.09953 
   87   87    1    1     1     1     1    1    1    1  3.42725E+06 0.08669 
   88   88    1    1     1     1     1    1    1    1  3.55907E+06 0.08610 
   89   89    1    1     1     1     1    1    1    1  3.95172E+06 0.09051 
   90   90    1    1     1     1     1    1    1    1  3.98179E+06 0.08953 
   91   91    1    1     1     1     1    1    1    1  4.95059E+06 0.07405 
   92   92    1    1     1     1     1    1    1    1  5.03713E+06 0.07902 
   93   93    1    1     1     1     1    1    1    1  5.68389E+06 0.07582 
   94   94    1    1     1     1     1    1    1    1  6.65069E+06 0.07035 
   95   95    1    1     1     1     1    1    1    1  7.05648E+06 0.06894 
   96   96    1    1     1     1     1    1    1    1  7.37129E+06 0.07112 
   97   97    1    1     1     1     1    1    1    1  9.10859E+06 0.06974 
   98   98    1    1     1     1     1    1    1    1  9.12117E+06 0.06449 
   99   99    1    1     1     1     1    1    1    1  9.51261E+06 0.05244 
  100  100    1    1     1     1     1    1    1    1  1.15980E+07 0.05824 
  101  101    1    1     1     1     1    1    1    1  1.21082E+07 0.05161 
  102  102    1    1     1     1     1    1    1    1  1.34198E+07 0.06432 
  103  103    1    1     1     1     1    1    1    1  1.32203E+07 0.04554 
  104  104    1    1     1     1     1    1    1    1  1.52042E+07 0.04998 
  105  105    1    1     1     1     1    1    1    1  1.67535E+07 0.04723 
