
DETfluxspect = [
    1    1    1    1     1     1     1    1    1    1  0.00000E+00 0.00000 
    2    2    1    1     1     1     1    1    1    1  1.37162E+05 0.12849 
    3    3    1    1     1     1     1    1    1    1  1.47783E+04 0.27175 
    4    4    1    1     1     1     1    1    1    1  6.98315E+03 0.40485 
    5    5    1    1     1     1     1    1    1    1  2.11399E+04 0.34170 
    6    6    1    1     1     1     1    1    1    1  1.94035E+04 0.36918 
    7    7    1    1     1     1     1    1    1    1  1.24607E+04 0.31145 
    8    8    1    1     1     1     1    1    1    1  2.64696E+04 0.36472 
    9    9    1    1     1     1     1    1    1    1  2.20359E+04 0.34933 
   10   10    1    1     1     1     1    1    1    1  2.00737E+04 0.25209 
   11   11    1    1     1     1     1    1    1    1  2.05449E+04 0.26960 
   12   12    1    1     1     1     1    1    1    1  1.81734E+04 0.27174 
   13   13    1    1     1     1     1    1    1    1  2.56528E+04 0.22891 
   14   14    1    1     1     1     1    1    1    1  3.95534E+04 0.18390 
   15   15    1    1     1     1     1    1    1    1  2.69844E+04 0.22892 
   16   16    1    1     1     1     1    1    1    1  3.20687E+04 0.22119 
   17   17    1    1     1     1     1    1    1    1  4.07847E+04 0.18775 
   18   18    1    1     1     1     1    1    1    1  5.43461E+04 0.37478 
   19   19    1    1     1     1     1    1    1    1  4.41569E+04 0.19123 
   20   20    1    1     1     1     1    1    1    1  4.69653E+04 0.19379 
   21   21    1    1     1     1     1    1    1    1  6.20140E+04 0.17974 
   22   22    1    1     1     1     1    1    1    1  7.36341E+04 0.22788 
   23   23    1    1     1     1     1    1    1    1  8.45705E+04 0.17151 
   24   24    1    1     1     1     1    1    1    1  5.53268E+04 0.17351 
   25   25    1    1     1     1     1    1    1    1  8.44899E+04 0.29304 
   26   26    1    1     1     1     1    1    1    1  1.23554E+05 0.22775 
   27   27    1    1     1     1     1    1    1    1  9.83883E+04 0.15894 
   28   28    1    1     1     1     1    1    1    1  7.05512E+04 0.20587 
   29   29    1    1     1     1     1    1    1    1  9.92060E+04 0.14200 
   30   30    1    1     1     1     1    1    1    1  1.59920E+05 0.20395 
   31   31    1    1     1     1     1    1    1    1  1.74168E+05 0.19608 
   32   32    1    1     1     1     1    1    1    1  2.39724E+05 0.19091 
   33   33    1    1     1     1     1    1    1    1  1.96746E+05 0.12848 
   34   34    1    1     1     1     1    1    1    1  2.10520E+05 0.13061 
   35   35    1    1     1     1     1    1    1    1  2.42820E+05 0.20075 
   36   36    1    1     1     1     1    1    1    1  2.30003E+05 0.12013 
   37   37    1    1     1     1     1    1    1    1  2.65538E+05 0.15217 
   38   38    1    1     1     1     1    1    1    1  2.83782E+05 0.14304 
   39   39    1    1     1     1     1    1    1    1  2.32997E+05 0.12226 
   40   40    1    1     1     1     1    1    1    1  3.47251E+05 0.10391 
   41   41    1    1     1     1     1    1    1    1  3.88375E+05 0.13198 
   42   42    1    1     1     1     1    1    1    1  4.47118E+05 0.14154 
   43   43    1    1     1     1     1    1    1    1  5.14408E+05 0.10659 
   44   44    1    1     1     1     1    1    1    1  4.76918E+05 0.09183 
   45   45    1    1     1     1     1    1    1    1  6.39186E+05 0.12177 
   46   46    1    1     1     1     1    1    1    1  5.44292E+05 0.09866 
   47   47    1    1     1     1     1    1    1    1  7.33233E+05 0.11415 
   48   48    1    1     1     1     1    1    1    1  7.75866E+05 0.10341 
   49   49    1    1     1     1     1    1    1    1  6.42443E+05 0.08998 
   50   50    1    1     1     1     1    1    1    1  7.80743E+05 0.09037 
   51   51    1    1     1     1     1    1    1    1  9.22188E+05 0.08347 
   52   52    1    1     1     1     1    1    1    1  1.32359E+06 0.08991 
   53   53    1    1     1     1     1    1    1    1  1.15756E+06 0.09816 
   54   54    1    1     1     1     1    1    1    1  1.12251E+06 0.07313 
   55   55    1    1     1     1     1    1    1    1  1.38431E+06 0.07199 
   56   56    1    1     1     1     1    1    1    1  1.55637E+06 0.05923 
   57   57    1    1     1     1     1    1    1    1  1.77879E+06 0.07224 
   58   58    1    1     1     1     1    1    1    1  1.97585E+06 0.06109 
   59   59    1    1     1     1     1    1    1    1  2.15890E+06 0.06651 
   60   60    1    1     1     1     1    1    1    1  2.28274E+06 0.06410 
   61   61    1    1     1     1     1    1    1    1  2.71350E+06 0.06022 
   62   62    1    1     1     1     1    1    1    1  2.49984E+06 0.05680 
   63   63    1    1     1     1     1    1    1    1  2.82930E+06 0.05282 
   64   64    1    1     1     1     1    1    1    1  3.07007E+06 0.05593 
   65   65    1    1     1     1     1    1    1    1  3.66833E+06 0.05445 
   66   66    1    1     1     1     1    1    1    1  3.79138E+06 0.05341 
   67   67    1    1     1     1     1    1    1    1  4.23871E+06 0.05044 
   68   68    1    1     1     1     1    1    1    1  4.84944E+06 0.04698 
   69   69    1    1     1     1     1    1    1    1  4.61520E+06 0.04902 
   70   70    1    1     1     1     1    1    1    1  5.47936E+06 0.04562 
   71   71    1    1     1     1     1    1    1    1  6.24433E+06 0.04152 
   72   72    1    1     1     1     1    1    1    1  6.84135E+06 0.03798 
   73   73    1    1     1     1     1    1    1    1  7.40994E+06 0.03848 
   74   74    1    1     1     1     1    1    1    1  8.01789E+06 0.04243 
   75   75    1    1     1     1     1    1    1    1  9.37092E+06 0.03848 
   76   76    1    1     1     1     1    1    1    1  9.69999E+06 0.03622 
   77   77    1    1     1     1     1    1    1    1  1.08084E+07 0.03749 
   78   78    1    1     1     1     1    1    1    1  1.19987E+07 0.03680 
   79   79    1    1     1     1     1    1    1    1  1.31990E+07 0.03602 
   80   80    1    1     1     1     1    1    1    1  1.45413E+07 0.03414 
   81   81    1    1     1     1     1    1    1    1  1.66129E+07 0.03281 
   82   82    1    1     1     1     1    1    1    1  1.63408E+07 0.03154 
   83   83    1    1     1     1     1    1    1    1  1.91472E+07 0.03285 
   84   84    1    1     1     1     1    1    1    1  2.03117E+07 0.03000 
   85   85    1    1     1     1     1    1    1    1  2.29089E+07 0.02665 
   86   86    1    1     1     1     1    1    1    1  2.53521E+07 0.02568 
   87   87    1    1     1     1     1    1    1    1  2.60399E+07 0.02680 
   88   88    1    1     1     1     1    1    1    1  3.01897E+07 0.02607 
   89   89    1    1     1     1     1    1    1    1  3.15135E+07 0.02310 
   90   90    1    1     1     1     1    1    1    1  3.57673E+07 0.02263 
   91   91    1    1     1     1     1    1    1    1  3.95780E+07 0.02195 
   92   92    1    1     1     1     1    1    1    1  4.50826E+07 0.02413 
   93   93    1    1     1     1     1    1    1    1  4.78063E+07 0.02127 
   94   94    1    1     1     1     1    1    1    1  5.23479E+07 0.02049 
   95   95    1    1     1     1     1    1    1    1  5.63120E+07 0.02013 
   96   96    1    1     1     1     1    1    1    1  6.14931E+07 0.01916 
   97   97    1    1     1     1     1    1    1    1  7.03727E+07 0.01978 
   98   98    1    1     1     1     1    1    1    1  7.49586E+07 0.01721 
   99   99    1    1     1     1     1    1    1    1  8.38217E+07 0.01690 
  100  100    1    1     1     1     1    1    1    1  8.95460E+07 0.01576 
  101  101    1    1     1     1     1    1    1    1  9.95812E+07 0.01517 
  102  102    1    1     1     1     1    1    1    1  1.11186E+08 0.01526 
  103  103    1    1     1     1     1    1    1    1  1.21728E+08 0.01494 
  104  104    1    1     1     1     1    1    1    1  1.34680E+08 0.01358 
  105  105    1    1     1     1     1    1    1    1  1.47414E+08 0.01343 
