
DETfluxspect = [
    1    1    1    1     1     1     1    1    1    1  0.00000E+00 0.00000 
    2    2    1    1     1     1     1    1    1    1  1.16366E+04 0.70549 
    3    3    1    1     1     1     1    1    1    1  0.00000E+00 0.00000 
    4    4    1    1     1     1     1    1    1    1  0.00000E+00 0.00000 
    5    5    1    1     1     1     1    1    1    1  0.00000E+00 0.00000 
    6    6    1    1     1     1     1    1    1    1  0.00000E+00 0.00000 
    7    7    1    1     1     1     1    1    1    1  0.00000E+00 0.00000 
    8    8    1    1     1     1     1    1    1    1  0.00000E+00 0.00000 
    9    9    1    1     1     1     1    1    1    1  0.00000E+00 0.00000 
   10   10    1    1     1     1     1    1    1    1  0.00000E+00 0.00000 
   11   11    1    1     1     1     1    1    1    1  7.30088E+03 1.00000 
   12   12    1    1     1     1     1    1    1    1  0.00000E+00 0.00000 
   13   13    1    1     1     1     1    1    1    1  0.00000E+00 0.00000 
   14   14    1    1     1     1     1    1    1    1  0.00000E+00 0.00000 
   15   15    1    1     1     1     1    1    1    1  0.00000E+00 0.00000 
   16   16    1    1     1     1     1    1    1    1  0.00000E+00 0.00000 
   17   17    1    1     1     1     1    1    1    1  0.00000E+00 0.00000 
   18   18    1    1     1     1     1    1    1    1  0.00000E+00 0.00000 
   19   19    1    1     1     1     1    1    1    1  0.00000E+00 0.00000 
   20   20    1    1     1     1     1    1    1    1  8.49613E+03 1.00000 
   21   21    1    1     1     1     1    1    1    1  8.86478E+03 1.00000 
   22   22    1    1     1     1     1    1    1    1  0.00000E+00 0.00000 
   23   23    1    1     1     1     1    1    1    1  0.00000E+00 0.00000 
   24   24    1    1     1     1     1    1    1    1  0.00000E+00 0.00000 
   25   25    1    1     1     1     1    1    1    1  0.00000E+00 0.00000 
   26   26    1    1     1     1     1    1    1    1  0.00000E+00 0.00000 
   27   27    1    1     1     1     1    1    1    1  0.00000E+00 0.00000 
   28   28    1    1     1     1     1    1    1    1  1.04217E+04 1.00000 
   29   29    1    1     1     1     1    1    1    1  0.00000E+00 0.00000 
   30   30    1    1     1     1     1    1    1    1  0.00000E+00 0.00000 
   31   31    1    1     1     1     1    1    1    1  0.00000E+00 0.00000 
   32   32    1    1     1     1     1    1    1    1  0.00000E+00 0.00000 
   33   33    1    1     1     1     1    1    1    1  1.21476E+04 1.00000 
   34   34    1    1     1     1     1    1    1    1  1.23777E+04 1.00000 
   35   35    1    1     1     1     1    1    1    1  0.00000E+00 0.00000 
   36   36    1    1     1     1     1    1    1    1  2.53651E+04 0.70535 
   37   37    1    1     1     1     1    1    1    1  1.28150E+04 1.00000 
   38   38    1    1     1     1     1    1    1    1  1.35083E+04 1.00000 
   39   39    1    1     1     1     1    1    1    1  2.75498E+04 0.70533 
   40   40    1    1     1     1     1    1    1    1  1.37633E+04 1.00000 
   41   41    1    1     1     1     1    1    1    1  0.00000E+00 0.00000 
   42   42    1    1     1     1     1    1    1    1  2.98387E+04 0.70534 
   43   43    1    1     1     1     1    1    1    1  1.50048E+04 1.00000 
   44   44    1    1     1     1     1    1    1    1  0.00000E+00 0.00000 
   45   45    1    1     1     1     1    1    1    1  9.30021E+04 0.40318 
   46   46    1    1     1     1     1    1    1    1  0.00000E+00 0.00000 
   47   47    1    1     1     1     1    1    1    1  1.66313E+04 1.00000 
   48   48    1    1     1     1     1    1    1    1  3.40735E+04 0.70536 
   49   49    1    1     1     1     1    1    1    1  6.84188E+04 0.49630 
   50   50    1    1     1     1     1    1    1    1  0.00000E+00 0.00000 
   51   51    1    1     1     1     1    1    1    1  7.23294E+04 0.49624 
   52   52    1    1     1     1     1    1    1    1  7.48153E+04 0.49632 
   53   53    1    1     1     1     1    1    1    1  5.64726E+04 0.57463 
   54   54    1    1     1     1     1    1    1    1  5.71871E+04 0.57456 
   55   55    1    1     1     1     1    1    1    1  1.18858E+05 0.40327 
   56   56    1    1     1     1     1    1    1    1  0.00000E+00 0.00000 
   57   57    1    1     1     1     1    1    1    1  1.01939E+05 0.44279 
   58   58    1    1     1     1     1    1    1    1  1.67584E+05 0.76955 
   59   59    1    1     1     1     1    1    1    1  8.79036E+04 0.49634 
   60   60    1    1     1     1     1    1    1    1  6.50448E+04 0.57458 
   61   61    1    1     1     1     1    1    1    1  1.34910E+05 0.40317 
   62   62    1    1     1     1     1    1    1    1  2.05764E+05 0.68167 
   63   63    1    1     1     1     1    1    1    1  1.66337E+05 0.37237 
   64   64    1    1     1     1     1    1    1    1  7.41618E+04 0.57454 
   65   65    1    1     1     1     1    1    1    1  3.16061E+05 0.49185 
   66   66    1    1     1     1     1    1    1    1  3.73663E+05 0.57411 
   67   67    1    1     1     1     1    1    1    1  1.32197E+05 0.44273 
   68   68    1    1     1     1     1    1    1    1  2.42746E+05 0.32664 
   69   69    1    1     1     1     1    1    1    1  2.51692E+05 0.32669 
   70   70    1    1     1     1     1    1    1    1  5.24811E+05 0.46095 
   71   71    1    1     1     1     1    1    1    1  4.21748E+05 0.43630 
   72   72    1    1     1     1     1    1    1    1  3.82497E+05 0.50011 
   73   73    1    1     1     1     1    1    1    1  2.34741E+05 0.34740 
   74   74    1    1     1     1     1    1    1    1  4.49006E+05 0.43051 
   75   75    1    1     1     1     1    1    1    1  3.44552E+05 0.29391 
   76   76    1    1     1     1     1    1    1    1  9.84717E+05 0.29547 
   77   77    1    1     1     1     1    1    1    1  8.72609E+05 0.27708 
   78   78    1    1     1     1     1    1    1    1  9.04099E+05 0.28446 
   79   79    1    1     1     1     1    1    1    1  6.07145E+05 0.37837 
   80   80    1    1     1     1     1    1    1    1  1.26746E+06 0.43886 
   81   81    1    1     1     1     1    1    1    1  1.32850E+06 0.29835 
   82   82    1    1     1     1     1    1    1    1  1.42951E+06 0.39312 
   83   83    1    1     1     1     1    1    1    1  1.33289E+06 0.28248 
   84   84    1    1     1     1     1    1    1    1  1.07124E+06 0.26928 
   85   85    1    1     1     1     1    1    1    1  1.20813E+06 0.23607 
   86   86    1    1     1     1     1    1    1    1  1.56935E+06 0.20918 
   87   87    1    1     1     1     1    1    1    1  1.95089E+06 0.23722 
   88   88    1    1     1     1     1    1    1    1  1.75035E+06 0.23371 
   89   89    1    1     1     1     1    1    1    1  2.64874E+06 0.23951 
   90   90    1    1     1     1     1    1    1    1  1.96924E+06 0.29871 
   91   91    1    1     1     1     1    1    1    1  3.78057E+06 0.19272 
   92   92    1    1     1     1     1    1    1    1  3.58922E+06 0.20869 
   93   93    1    1     1     1     1    1    1    1  3.85144E+06 0.16427 
   94   94    1    1     1     1     1    1    1    1  2.53627E+06 0.20364 
   95   95    1    1     1     1     1    1    1    1  4.30675E+06 0.18434 
   96   96    1    1     1     1     1    1    1    1  3.85759E+06 0.16247 
   97   97    1    1     1     1     1    1    1    1  2.79960E+06 0.18161 
   98   98    1    1     1     1     1    1    1    1  4.15774E+06 0.14429 
   99   99    1    1     1     1     1    1    1    1  6.33200E+06 0.23294 
  100  100    1    1     1     1     1    1    1    1  5.21364E+06 0.16702 
  101  101    1    1     1     1     1    1    1    1  3.74017E+06 0.15193 
  102  102    1    1     1     1     1    1    1    1  6.14373E+06 0.15253 
  103  103    1    1     1     1     1    1    1    1  6.61187E+06 0.14845 
  104  104    1    1     1     1     1    1    1    1  7.67358E+06 0.19194 
  105  105    1    1     1     1     1    1    1    1  1.03279E+07 0.12170 
