
DETfluxspect = [
    1    1    1    1     1     1     1    1    1    1  0.00000E+00 0.00000 
    2    2    1    1     1     1     1    1    1    1  5.73562E+04 0.25843 
    3    3    1    1     1     1     1    1    1    1  4.18153E+03 1.00000 
    4    4    1    1     1     1     1    1    1    1  4.18662E+03 1.00000 
    5    5    1    1     1     1     1    1    1    1  4.31295E+03 1.00000 
    6    6    1    1     1     1     1    1    1    1  0.00000E+00 0.00000 
    7    7    1    1     1     1     1    1    1    1  0.00000E+00 0.00000 
    8    8    1    1     1     1     1    1    1    1  4.66712E+03 1.00000 
    9    9    1    1     1     1     1    1    1    1  0.00000E+00 0.00000 
   10   10    1    1     1     1     1    1    1    1  5.07203E+03 1.00000 
   11   11    1    1     1     1     1    1    1    1  5.21703E+03 1.00000 
   12   12    1    1     1     1     1    1    1    1  4.23841E+04 0.76971 
   13   13    1    1     1     1     1    1    1    1  1.58669E+04 0.57460 
   14   14    1    1     1     1     1    1    1    1  0.00000E+00 0.00000 
   15   15    1    1     1     1     1    1    1    1  1.66874E+04 0.57456 
   16   16    1    1     1     1     1    1    1    1  5.80793E+03 1.00000 
   17   17    1    1     1     1     1    1    1    1  2.39424E+04 0.49630 
   18   18    1    1     1     1     1    1    1    1  1.82436E+04 0.57451 
   19   19    1    1     1     1     1    1    1    1  3.65039E+04 0.40312 
   20   20    1    1     1     1     1    1    1    1  6.69459E+04 0.56911 
   21   21    1    1     1     1     1    1    1    1  1.90642E+04 0.57448 
   22   22    1    1     1     1     1    1    1    1  5.67737E+04 0.68429 
   23   23    1    1     1     1     1    1    1    1  7.29583E+04 0.57541 
   24   24    1    1     1     1     1    1    1    1  8.04557E+04 0.53021 
   25   25    1    1     1     1     1    1    1    1  2.78593E+04 0.49625 
   26   26    1    1     1     1     1    1    1    1  1.41514E+04 0.70533 
   27   27    1    1     1     1     1    1    1    1  7.37437E+04 0.33912 
   28   28    1    1     1     1     1    1    1    1  5.26262E+04 0.37226 
   29   29    1    1     1     1     1    1    1    1  3.05917E+04 0.49624 
   30   30    1    1     1     1     1    1    1    1  7.77152E+04 0.34001 
   31   31    1    1     1     1     1    1    1    1  8.03049E+04 0.30906 
   32   32    1    1     1     1     1    1    1    1  9.05532E+04 0.29389 
   33   33    1    1     1     1     1    1    1    1  1.81281E+05 0.67944 
   34   34    1    1     1     1     1    1    1    1  1.00013E+05 0.54182 
   35   35    1    1     1     1     1    1    1    1  4.45186E+04 0.44278 
   36   36    1    1     1     1     1    1    1    1  1.07774E+05 0.28064 
   37   37    1    1     1     1     1    1    1    1  1.29946E+05 0.27819 
   38   38    1    1     1     1     1    1    1    1  1.12786E+05 0.28065 
   39   39    1    1     1     1     1    1    1    1  1.24554E+05 0.26893 
   40   40    1    1     1     1     1    1    1    1  1.47130E+05 0.26576 
   41   41    1    1     1     1     1    1    1    1  2.30821E+05 0.38804 
   42   42    1    1     1     1     1    1    1    1  2.03875E+05 0.34550 
   43   43    1    1     1     1     1    1    1    1  2.86710E+05 0.19448 
   44   44    1    1     1     1     1    1    1    1  3.54186E+05 0.28084 
   45   45    1    1     1     1     1    1    1    1  2.99491E+05 0.31487 
   46   46    1    1     1     1     1    1    1    1  2.26563E+05 0.22452 
   47   47    1    1     1     1     1    1    1    1  3.33472E+05 0.26651 
   48   48    1    1     1     1     1    1    1    1  2.98610E+05 0.29675 
   49   49    1    1     1     1     1    1    1    1  4.94958E+05 0.23603 
   50   50    1    1     1     1     1    1    1    1  3.60621E+05 0.19216 
   51   51    1    1     1     1     1    1    1    1  3.69322E+05 0.18559 
   52   52    1    1     1     1     1    1    1    1  5.07807E+05 0.21115 
   53   53    1    1     1     1     1    1    1    1  5.80962E+05 0.20085 
   54   54    1    1     1     1     1    1    1    1  7.99876E+05 0.26436 
   55   55    1    1     1     1     1    1    1    1  7.92358E+05 0.16455 
   56   56    1    1     1     1     1    1    1    1  8.25374E+05 0.15955 
   57   57    1    1     1     1     1    1    1    1  7.30266E+05 0.14114 
   58   58    1    1     1     1     1    1    1    1  1.21092E+06 0.21810 
   59   59    1    1     1     1     1    1    1    1  1.27866E+06 0.21506 
   60   60    1    1     1     1     1    1    1    1  1.32611E+06 0.15079 
   61   61    1    1     1     1     1    1    1    1  8.98461E+05 0.13650 
   62   62    1    1     1     1     1    1    1    1  1.26606E+06 0.13459 
   63   63    1    1     1     1     1    1    1    1  1.29590E+06 0.12626 
   64   64    1    1     1     1     1    1    1    1  1.70407E+06 0.19517 
   65   65    1    1     1     1     1    1    1    1  1.92259E+06 0.11183 
   66   66    1    1     1     1     1    1    1    1  2.45089E+06 0.12450 
   67   67    1    1     1     1     1    1    1    1  1.95789E+06 0.12497 
   68   68    1    1     1     1     1    1    1    1  2.58675E+06 0.15256 
   69   69    1    1     1     1     1    1    1    1  2.64650E+06 0.12046 
   70   70    1    1     1     1     1    1    1    1  3.34503E+06 0.12109 
   71   71    1    1     1     1     1    1    1    1  3.47188E+06 0.09323 
   72   72    1    1     1     1     1    1    1    1  3.10119E+06 0.12775 
   73   73    1    1     1     1     1    1    1    1  4.21594E+06 0.07479 
   74   74    1    1     1     1     1    1    1    1  4.15197E+06 0.08066 
   75   75    1    1     1     1     1    1    1    1  5.27575E+06 0.12004 
   76   76    1    1     1     1     1    1    1    1  7.00646E+06 0.10392 
   77   77    1    1     1     1     1    1    1    1  6.02298E+06 0.10357 
   78   78    1    1     1     1     1    1    1    1  6.62537E+06 0.09665 
   79   79    1    1     1     1     1    1    1    1  7.75098E+06 0.09760 
   80   80    1    1     1     1     1    1    1    1  7.54848E+06 0.08733 
   81   81    1    1     1     1     1    1    1    1  8.81243E+06 0.08214 
   82   82    1    1     1     1     1    1    1    1  9.82538E+06 0.09395 
   83   83    1    1     1     1     1    1    1    1  1.02920E+07 0.07228 
   84   84    1    1     1     1     1    1    1    1  1.16568E+07 0.07335 
   85   85    1    1     1     1     1    1    1    1  1.27894E+07 0.07310 
   86   86    1    1     1     1     1    1    1    1  1.26625E+07 0.06689 
   87   87    1    1     1     1     1    1    1    1  1.60340E+07 0.07853 
   88   88    1    1     1     1     1    1    1    1  1.72214E+07 0.06807 
   89   89    1    1     1     1     1    1    1    1  2.09974E+07 0.06828 
   90   90    1    1     1     1     1    1    1    1  2.28727E+07 0.06057 
   91   91    1    1     1     1     1    1    1    1  2.04497E+07 0.06099 
   92   92    1    1     1     1     1    1    1    1  2.21303E+07 0.05012 
   93   93    1    1     1     1     1    1    1    1  2.86600E+07 0.05472 
   94   94    1    1     1     1     1    1    1    1  2.92715E+07 0.06075 
   95   95    1    1     1     1     1    1    1    1  3.11461E+07 0.05475 
   96   96    1    1     1     1     1    1    1    1  3.45285E+07 0.05293 
   97   97    1    1     1     1     1    1    1    1  4.05249E+07 0.05170 
   98   98    1    1     1     1     1    1    1    1  4.43535E+07 0.04707 
   99   99    1    1     1     1     1    1    1    1  4.86980E+07 0.04512 
  100  100    1    1     1     1     1    1    1    1  5.26431E+07 0.05160 
  101  101    1    1     1     1     1    1    1    1  6.14421E+07 0.05244 
  102  102    1    1     1     1     1    1    1    1  6.29652E+07 0.04370 
  103  103    1    1     1     1     1    1    1    1  6.62518E+07 0.04888 
  104  104    1    1     1     1     1    1    1    1  7.40853E+07 0.03913 
  105  105    1    1     1     1     1    1    1    1  8.62322E+07 0.03995 
